0.055426 0.000000
0.110851 0.000000
0.166277 0.000000
0.221703 0.000000
0.277128 0.000000
0.332554 0.000000
0.387979 0.000000
0.443405 0.000000
0.498831 0.000000
0.554256 0.000000
0.609682 0.000000
0.665108 0.000000
0.720533 0.000000
0.775959 0.000000
0.831384 0.000000
0.886810 0.000000
0.942236 0.000000
0.997661 0.000000
1.053087 0.000000
1.108513 0.000000
1.163938 0.000000
1.219364 0.000000
1.274789 0.000000
1.330215 0.000000
1.385641 0.000000
1.441066 0.000000
1.496492 0.000000
1.551918 0.000000
1.607343 0.000000
1.662769 0.000000
1.718194 0.000000
1.773620 0.000000
1.829046 0.000000
1.884471 0.000000
1.939897 0.000000
1.995323 0.000000
2.050748 0.004849
2.106174 0.000000
2.161599 0.000000
2.217025 0.007909
2.272451 0.002098
2.327876 0.013407
2.383302 0.029285
2.438728 0.048329
2.494153 0.055733
2.549579 0.060297
2.605004 0.076636
2.660430 0.070414
2.715856 0.093405
2.771281 0.139497
2.826707 0.173881
2.882133 0.142092
2.937558 0.145939
2.992984 0.174022
3.048409 0.183663
3.103835 0.191187
3.159261 0.206567
3.214686 0.152574
3.270112 0.190773
3.325538 0.225441
3.380963 0.204283
3.436389 0.174323
3.491814 0.252518
3.547240 0.214349
3.602666 0.211192
3.658091 0.210175
3.713517 0.200436
3.768943 0.204634
3.824368 0.216786
3.879794 0.184174
3.935219 0.247257
3.990645 0.205019
4.046071 0.195704
4.101496 0.207271
4.156922 0.180647
4.212348 0.185695
4.267773 0.202562
4.323199 0.211859
4.378624 0.240835
4.434050 0.231513
4.489476 0.208694
4.544901 0.190614
4.600327 0.205925
4.655753 0.192319
4.711178 0.159163
4.766604 0.194726
4.822029 0.174432
4.877455 0.188172
4.932881 0.167650
4.988306 0.191043
5.043732 0.166750
5.099158 0.198343
5.154583 0.173448
5.210009 0.180788
5.265434 0.184979
5.320860 0.177161
5.376286 0.158335
5.431711 0.171494
5.487137 0.179075
5.542563 0.178271
5.597988 0.161600
5.653414 0.209774
5.708839 0.163012
5.764265 0.189488
5.819691 0.192557
5.875116 0.166969
5.930542 0.150019
5.985968 0.151878
6.041393 0.171874
6.096819 0.167254
6.152244 0.147837
6.207670 0.188292
6.263096 0.135908
6.318521 0.187123
6.373947 0.150517
6.429373 0.137418
6.484798 0.152280
6.540224 0.138953
6.595649 0.139499
6.651075 0.148306
6.706501 0.164427
6.761926 0.143455
6.817352 0.147289
6.872778 0.150914
6.928203 0.133014
6.983629 0.141914
7.039054 0.134182
7.094480 0.131322
7.149906 0.148567
7.205331 0.137415
7.260757 0.118122
7.316183 0.138688
7.371608 0.135660
7.427034 0.142262
7.482459 0.127618
7.537885 0.149011
7.593311 0.129214
7.648736 0.119352
7.704162 0.135744
7.759588 0.144069
7.815013 0.133810
7.870439 0.125347
7.925864 0.131199
7.981290 0.151714
8.036716 0.121023
8.092141 0.131352
8.147567 0.106481
8.202993 0.107670
8.258418 0.130620
8.313844 0.114933
8.369270 0.119740
8.424695 0.117693
8.480121 0.123064
8.535546 0.118138
8.590972 0.112871
8.646398 0.116671
8.701823 0.100561
8.757249 0.112814
8.812675 0.112778
8.868100 0.112580
8.923526 0.132019
8.978951 0.096869
9.034377 0.097292
9.089803 0.101416
9.145228 0.104641
9.200654 0.113774
9.256080 0.096541
9.311505 0.111764
9.366931 0.104119
9.422356 0.107499
9.477782 0.102712
9.533208 0.103218
9.588633 0.097232
9.644059 0.094692
9.699485 0.086771
9.754910 0.117983
9.810336 0.083093
9.865761 0.098859
9.921187 0.102529
9.976613 0.098601
10.032038 0.099136
10.087464 0.090158
10.142890 0.094559
10.198315 0.093289
10.253741 0.096241
10.309166 0.089710
10.364592 0.092212
10.420018 0.101770
10.475443 0.087768
10.530869 0.086852
10.586295 0.078160
10.641720 0.083786
10.697146 0.089391
10.752571 0.080540
10.807997 0.083519
10.863423 0.076669
10.918848 0.086071
10.974274 0.082039
11.029700 0.077240
11.085125 0.086413
11.140551 0.077924
11.195976 0.078085
11.251402 0.075999
11.306828 0.094772
11.362253 0.072321
11.417679 0.074016
11.473105 0.077021
11.528530 0.074019
11.583956 0.066350
11.639381 0.081446
11.694807 0.067721
11.750233 0.071188
11.805658 0.072396
11.861084 0.073664
11.916510 0.071751
11.971935 0.068300
12.027361 0.063720
12.082786 0.062783
12.138212 0.059231
12.193638 0.066070
12.249063 0.070257
12.304489 0.065218
12.359915 0.061334
12.415340 0.064951
12.470766 0.059113
12.526191 0.059217
12.581617 0.063697
12.637043 0.064436
12.692468 0.061454
12.747894 0.058983
12.803320 0.057657
12.858745 0.055477
12.914171 0.053416
12.969596 0.052600
13.025022 0.058014
13.080448 0.048669
13.135873 0.058162
13.191299 0.048866
13.246725 0.056143
13.302150 0.044417
13.357576 0.053561
13.413001 0.050338
13.468427 0.051039
13.523853 0.046175
13.579278 0.053001
13.634704 0.048869
13.690130 0.048630
13.745555 0.045213
13.800981 0.043262
13.856406 0.050607
13.911832 0.047643
13.967258 0.046338
14.022683 0.046024
14.078109 0.049563
14.133535 0.038283
14.188960 0.047607
14.244386 0.040032
14.299811 0.044030
14.355237 0.043452
14.410663 0.043702
14.466088 0.038263
14.521514 0.036186
14.576940 0.038718
14.632365 0.038604
14.687791 0.036768
14.743216 0.037985
14.798642 0.037430
14.854068 0.035849
14.909493 0.034344
14.964919 0.045086
15.020345 0.034729
15.075770 0.034104
15.131196 0.038695
15.186621 0.033376
15.242047 0.034472
15.297473 0.031200
15.352898 0.029271
15.408324 0.028420
15.463750 0.031255
15.519175 0.029997
15.574601 0.026799
15.630026 0.028571
15.685452 0.025842
15.740878 0.026884
15.796303 0.028872
15.851729 0.026324
15.907155 0.026207
15.962580 0.022946
16.018006 0.023267
16.073431 0.023257
16.128857 0.023865
16.184283 0.022409
16.239708 0.023907
16.295134 0.021448
16.350560 0.019815
16.405985 0.022217
16.461411 0.019942
16.516837 0.019495
16.572262 0.019968
16.627688 0.015288
16.683113 0.016356
16.738539 0.019660
16.793965 0.017036
16.849390 0.015207
16.904816 0.016173
16.960242 0.015485
17.015667 0.013768
17.071093 0.012761
17.126518 0.014088
17.181944 0.013842
17.237370 0.016207
17.292795 0.012992
17.348221 0.013604
17.403647 0.011583
17.459072 0.013254
17.514498 0.009202
17.569923 0.011202
17.625349 0.011427
17.680775 0.010269
17.736200 0.010264
17.791626 0.009626
17.847052 0.011985
17.902477 0.009467
17.957903 0.009579
18.013328 0.009642
18.068754 0.009067
18.124180 0.009109
18.179605 0.009387
18.235031 0.008903
18.290457 0.006170
18.345882 0.007561
18.401308 0.008795
18.456733 0.006542
18.512159 0.007880
18.567585 0.007106
18.623010 0.005300
18.678436 0.005257
18.733862 0.006096
18.789287 0.005185
18.844713 0.005854
18.900138 0.004988
18.955564 0.005681
19.010990 0.004939
19.066415 0.005570
19.121841 0.005206
19.177267 0.005084
19.232692 0.004771
19.288118 0.004502
19.343543 0.004836
19.398969 0.003585
19.454395 0.004878
19.509820 0.004383
19.565246 0.003358
19.620672 0.003248
19.676097 0.004502
19.731523 0.002225
19.786948 0.003477
19.842374 0.003867
19.897800 0.002072
19.953225 0.002896
20.008651 0.002810
20.064077 0.002921
20.119502 0.003067
20.174928 0.001968
20.230353 0.002311
20.285779 0.003211
20.341205 0.001891
20.396630 0.002407
20.452056 0.001777
20.507482 0.001426
20.562907 0.001712
20.618333 0.001803
20.673758 0.001733
20.729184 0.002142
20.784610 0.000838
20.840035 0.001504
20.895461 0.001339
20.950887 0.000986
21.006312 0.001683
21.061738 0.001296
21.117163 0.001298
21.172589 0.000803
21.228015 0.001137
21.283440 0.000898
21.338866 0.000529
21.394292 0.000990
21.449717 0.000623
21.505143 0.000573
21.560568 0.001134
21.615994 0.000698
21.671420 0.000798
21.726845 0.000794
21.782271 0.000751
21.837697 0.000392
21.893122 0.000481
21.948548 0.000732
22.003973 0.000652
22.059399 0.000231
22.114825 0.000407
22.170250 0.000323
22.225676 0.000333
22.281102 0.000245
22.336527 0.000414
22.391953 0.000136
22.447378 0.000544
22.502804 0.000393
22.558230 0.000402
22.613655 0.000186
22.669081 0.000160
22.724507 0.000499
22.779932 0.000172
22.835358 0.000128
22.890783 0.000039
22.946209 0.000155
23.001635 0.000137
23.057060 0.000210
23.112486 0.000019
23.167912 0.000152
23.223337 0.000102
23.278763 0.000136
23.334188 0.000131
23.389614 0.000047
23.445040 0.000000
23.500465 0.000114
23.555891 0.000074
23.611317 0.000327
23.666742 0.000014
23.722168 0.000032
23.777593 0.000014
23.833019 0.000000
23.888445 0.000031
23.943870 0.000000
23.999296 0.000042
24.054722 0.000127
24.110147 0.000000
24.165573 0.000035
24.220998 0.000000
24.276424 0.000093
24.331850 0.000000
24.387275 0.000000
24.442701 0.000000
24.498127 0.000068
24.553552 0.000036
24.608978 0.000000
24.664403 0.000000
24.719829 0.000000
24.775255 0.000000
24.830680 0.000043
24.886106 0.000009
24.941532 0.000000
24.996957 0.000000
25.052383 0.000000
25.107809 0.000000
25.163234 0.000032
25.218660 0.000032
25.274085 0.000000
25.329511 0.000000
25.384937 0.000028
25.440362 0.000000
25.495788 0.000000
25.551214 0.000000
25.606639 0.000000
25.662065 0.000028
25.717490 0.000000
25.772916 0.000000
25.828342 0.000000
25.883767 0.000000
25.939193 0.000000
25.994619 0.000000
26.050044 0.000000
26.105470 0.000000
26.160895 0.000000
26.216321 0.000000
26.271747 0.000000
26.327172 0.000000
26.382598 0.000000
26.438024 0.000000
26.493449 0.000000
26.548875 0.000000
26.604300 0.000000
26.659726 0.000000
26.715152 0.000000
26.770577 0.000000
26.826003 0.000000
26.881429 0.000000
26.936854 0.000000
26.992280 0.000000
27.047705 0.000000
27.103131 0.000000
27.158557 0.000000
27.213982 0.000000
27.269408 0.000000
27.324834 0.000000
27.380259 0.000000
27.435685 0.000000
27.491110 0.000000
27.546536 0.000000
27.601962 0.000000
27.657387 0.000000
